[[1]]
[1] 0.0007835501

[[2]]
[1] 0.002246555

[[3]]
[1] 0.002531415

[[4]]
[1] 0.002422346

[[5]]
[1] 0.002615949

[[6]]
[1] 0.003769845

[[7]]
[1] 0.001995576

[[8]]
[1] 0.002367254

[[9]]
[1] 0.002709671

[[10]]
[1] 0.003286642

[[11]]
[1] 0.002749468

[[12]]
[1] 0.002761343

[[13]]
[1] 0.002590154

[[14]]
[1] 0.00297282

[[15]]
[1] 0.002788794

[[16]]
[1] 0.002463479

[[17]]
[1] 0.002947377

[[18]]
[1] 0.001941956

[[19]]
[1] 0.001196737

[[20]]
[1] 0.0005612346

[[21]]
[1] 0.001173801

[[22]]
[1] 0.0008519832

[[23]]
[1] 0.0009180604

[[24]]
[1] 0.0007896397

[[25]]
[1] 0.001905806

[[26]]
[1] 0.001941461

[[27]]
[1] 0.002447888

[[28]]
[1] 0.0008884

[[29]]
[1] 0.0008413762

[[30]]
[1] 0.001405106

[[31]]
[1] 0.001173785

[[32]]
[1] 0.001241863

[[33]]
[1] 0.001776675

[[34]]
[1] 0.001839017

[[35]]
[1] 0.001567233

[[36]]
[1] 0.0008671499

[[37]]
[1] 0.0009704586

[[38]]
[1] 0.001262382

[[39]]
[1] 0.001179764

[[40]]
[1] 0.001768252

[[41]]
[1] 0.001124365

[[42]]
[1] 0.00146009

[[43]]
[1] 0.0007096363

[[44]]
[1] 0.002960962

[[45]]
[1] 0.001554327

[[46]]
[1] 0.001624373

[[47]]
[1] 0.0008544501

[[48]]
[1] 0.001300209

[[49]]
[1] 0.003037814

[[50]]
[1] 0.001722556

